400
65.29213328933326
-42.15022942684066
-72.28945929687605
-86.9776796000953
35.40190564886879
53.66627160432381
-29.738207528789573
-34.34401868444243
21.038285985724613
2.1722963724902797
-2.810232581571668
-68.49943237561718
74.26377615467902
-42.79358849132291
-55.317314500390815
-83.72148595706753
69.53296627942171
20.557639039662632
-93.21659159515264
50.106661126855954
-18.938154828534564
68.6884082244685
89.5822679217379
48.90178293715604
-33.957059557974745
-41.39801322110572
-14.556655225995186
-35.05660869760297
-47.94773866216222
4.803863421744097
12.582832731213372
-99.32777679672937
47.50175436275171
72.62686486380113
-36.04914144216789
-83.75193149605977
-79.2511190789628
-57.2399769624677
14.250997974536148
-25.91406119453798
-73.51729558632309
-32.358294741357156
-54.93544757361142
-67.46512547059733
-2.736346375063107
62.44762248862861
65.42941619024049
-73.94096817802699
-36.39800670022977
-48.27518918945748
28.8562082782681
-49.27403868894815
17.717829541242097
-72.70714979534876
-22.352859443970473
-88.49767575893348
94.13327857675023
-36.14593739518415
-18.484071081487656
-18.19740135313856
4.505211690726043
85.82458324082052
-20.110167111080685
75.93169543415536
34.61493551367491
-17.78142323054314
-14.09225016830031
-58.492442670401076
-11.811287871048265
25.98826107146273
-34.98891418479053
41.64536061517046
-54.76877738821202
70.0425475622074
-37.84302861218527
15.63003696396872
91.81144649412911
64.23756175450455
-80.93389464993501
81.99925838798876
73.7486401640958
65.95257392333994
-3.4494957131885826
79.40435313976033
28.40364434306656
1.435152690643335
96.84901279248186
-71.68816456191072
-43.21131344152609
-24.080301122999643
67.03145920796572
-59.446346981809974
12.466614623215193
27.593818748258087
-43.084986334462826
3.929496308038651
4.218322080287166
-26.19264087353912
-96.43081444692032
25.50988144996613
-63.785020448228714
7.4891043771798
-80.63133570450994
-70.01606372248295
-57.56065657279385
-32.443390173303825
71.68608710717999
-21.658710965991773
-88.64149881354557
-70.82514854145954
59.699521012537474
-2.6274000444882972
42.357914617211264
-61.96026603721836
17.422415035425587
91.91869380453761
-72.79532031374399
-52.56722601583279
-98.05360488379011
-50.50642847776001
-92.18442477836022
-92.38637931096304
62.02029302417674
-59.14822545557612
25.863413274104417
-95.8126068017871
-75.5285476053883
70.26608111390075
50.26287176648799
45.40406825101326
-15.391769880763377
35.72661784331851
45.334959994503095
57.917544329946935
41.625462296878084
21.967925837235086
-74.54305633536345
66.35228706677029
81.16738351979888
-31.82419863119199
31.26244806472002
4.095714475404293
-25.41461362577921
-72.57900264242423
-42.035729383028844
-68.94509984942667
38.060789628208965
-33.68776602099854
68.13017938293311
18.6864451085587
74.64557085579949
41.056263721198945
-70.75013632876417
-96.57141020441371
8.406862866975473
30.0580336546694
-69.31100465634812
-93.26488310575358
12.243838773035748
3.389342221360309
-44.86588269259655
73.23076667484469
-70.4216417886023
65.89963854737442
6.389953994168479
88.07826534688772
-4.996347378709103
-76.56200840268
-71.60142655403838
-99.5326090944245
-29.891931362960307
90.60049023623893
-10.392488313563945
-97.79325350265134
28.07368022542721
-16.387248727178118
-47.67808243408833
-11.280704095825996
44.28253836703536
23.402423395030098
98.43356703660439
-35.68700799092626
-19.954072652406225
-88.38804391444846
-59.072680751920515
-55.581833071354424
-17.29500989723512
36.2471471558068
14.823508192546583
54.55359094944518
67.73378907526583
-86.14757873073653
11.722513326457616
29.10353854686838
-2.8912543672282567
81.54892703883439
-1.124416031296164
72.55843914761547
23.091170116833524
-85.03299621163947
-53.286210902525724
-38.30805048356045
-72.29760090177942
67.04983038327074
78.02482478520062
39.2177633802271
55.553976868937184
-2.0996875651256914
47.47513624841295
77.78957610109305
11.327943333611287
-2.7112738952844495
61.93274605370658
-22.221844481979062
-26.91473897705241
-10.866198900164619
-39.94615540501998
-96.92044169462548
-41.286812462795844
51.215307836811206
-16.145861076848234
-43.72097032700801
75.20515515213134
-16.428457039043522
95.49374817471593
47.81532068105125
-20.900394404890136
15.480380456818807
19.262113972545734
23.36057042386888
81.28699180560815
53.617858903856586
-78.2425668620109
-20.548955927586036
40.526978645473775
-57.06632541799046
-17.48727190401833
19.47458366945905
7.400742080292531
36.97811132979396
52.82859253268731
80.44064210801318
-95.94403028340798
-44.139572453321364
-47.66957575793096
95.52939120332633
-45.01491675946008
-52.286120119496424
-89.22418684832489
48.23641519726354
-79.7900193856564
-36.51202392488724
26.89546971161208
21.00007178086622
24.629337154933935
5.083801920900854
-13.44096136610726
-55.48131631460495
25.917484027072817
-86.70637252747566
59.31475529611262
13.535271728631642
18.2464982228518
-75.29872208103029
-24.64002538334404
50.68760123739091
30.236084165757887
45.64505603939952
74.25710668824377
72.09186551523311
42.91863875384428
-33.45963222303577
-87.7823630833357
-63.35154542526098
-72.86042807670958
71.30445427837071
-83.4655995885851
45.628684863317716
-20.304046314165518
84.32101417824907
83.75036367157392
-0.07834787424675937
23.64922340035318
41.327707950801795
-67.59024062078697
-80.60940764839779
30.630605945301994
-29.195019901331378
-58.25454483326051
-17.891329539611903
-78.40942053048579
-71.1101560762933
-65.58600334779736
50.81410467541994
7.326743113933105
43.53363207642161
94.39780549234843
19.745210244135464
41.25697161630251
-7.431990566623341
-49.54832063958303
-62.914091430018246
74.28786309618107
65.53888933410593
-99.02136239851154
36.57283207204273
25.261024278302372
40.61318551273695
-92.02208271597026
-53.614622292736634
-89.65723614834955
-54.44142385484485
45.715725285880836
-65.73976101917798
10.855403391380094
-34.25803675573391
54.0272644518175
94.84251552710566
-98.56860653245182
-87.71262316107504
-83.33376102820591
88.60558775879929
9.00405775535755
-30.02043676624328
-38.12410661580192
1.2423861198407167
28.031795401980474
-92.80525442440701
65.3635675604325
-91.74905034192685
78.48518865557557
-50.914631147777726
25.11831858174645
1.507453650681697
-39.490572079564636
90.44091217060165
73.01927854728822
62.94028325712222
33.307210743938555
-43.90774652099132
-10.060074256478927
54.98895353795018
-74.3299280722608
4.422301827135854
-0.9384805290809624
38.35205050904423
71.718953026929
-86.50907986064904
-73.63344201587188
-75.40137800193631
-42.20236845019896
-10.522396066318379
37.79108998086619
-75.46215978621848
-34.904644486397785
-6.409518384630019
89.27239318211483
-37.18801385448853
-2.5419657831472904
96.28571986830602
58.93644436180662
-5.001820876651735
94.97988503907632
-63.413397758238446
-30.072628820800148
85.57453082992808
-48.649499670172226
-10.513122879231275
-42.11112682483582
83.42680700156285
76.56495114850136
25.868383271572853
88.86544519606747
-33.858122656732576
76.48740565286451
-12.941891618332903
-8.600913397629625
15.154642040900285
-43.10842911100319
90.09528173088052
-69.14516279192128
-69.11463680512267
-98.01595623352104
29.974402281234546
-75.48348479377502
0.3247233887816634
26.049505280013136
-48.42471511909962
72.75164466231635
89.09415659736044
-48.260534469206576
26.68674081827143
64.55250152071545
-54.170638343737124
-70.34087325958126
-9.524395125631258
5.017967848503986
78.80522780579639
-18.71030157698155
66.94827502753208
-46.07566059288233
46.52035259264299
10.458155139113146
-27.80141457048876
-1.1570793848884264
30.346196454798843
46.057291896667124
24.759947079591043
-12.434111254106874
19.183042783894933
-29.759237117563785
-43.577952400916985
5.774115963141888
21.022845562406715
-31.660261605579542
-40.856771845036576
30.618056133868095
21.82963113799623
31.24721726538921
-6.940276902275464
-47.320842183508724
31.436169749179598
38.746516789339395
-24.34255818731931
-12.512514398395403
-3.2405626185775134
47.497609879084806
-15.910735337091232
19.909159254539162
13.075271231632556
6.731204803070966
-1.3072789163966405
47.47111041722002
3.252702588126354
-13.483040182394824
-43.51453927854493
14.569578832980469
2.1336680407133315
18.413508752482215
2.263684665923634
-41.48735332406382
-21.346110128993633
16.374486687961564
21.90127841120551
20.476062785737568
-48.16408383509911
-33.0239046213278
17.545101593252838
9.70544620403789
8.445489507144266
-47.65185683857458
37.624527188667074
47.676948601737706
9.887486615540517
-3.368024547641511
5.940966698050907
-39.56770898792767
-16.17208437891442
7.354999452478928
3.5757872369688855
31.933023573522775
32.06357785721295
16.80305333483396
44.95268417013381
-20.967212099428057
-49.67887188343252
15.288132088805966
-44.88677509072991
-40.45479469712294
47.95248034347014
8.150509200282976
-0.8880712674628981
-21.11101505879043
-24.0963801199089
21.400635435603505
36.409916325167885
17.92073105491761
19.869074508012844
27.097596061156196
-26.756174144883083
-35.18020085373112
-7.7956201500578
-41.12262966032637
-35.830696409584306
-2.731488230037982
-39.045845797492916
40.48548626489654
-29.67389975062097
27.674929948460942
-12.736563043671289
-44.26491897743722
16.444409972907053
-6.185749709394905
3.4751442651273265
47.00282634469556
1.2097662646337284
-49.9811395300427
-46.62332028220014
41.191511724544284
6.3264496811062685
-10.074037523016202
33.343861742714125
-32.97042992747812
18.467048917044508
10.795553402386801
18.540475288286714
45.644140072607286
25.268432500849343
11.540528334810396
31.866952780569264
7.53576424331974
-28.367904984434844
1.8645008461368846
15.011808816961079
13.39915047860957
-34.19058094673619
-11.71810977753075
-9.25538329518514
33.67587566507123
6.100160881158757
-5.70126879458325
-36.500495086786444
-27.70871236244269
-41.534984246139885
-33.338475483300755
-8.666763354647223
3.7193063164719007
-47.04915717118384
17.335409390623084
-23.497817211451768
29.335187355137066
-17.45022656881823
-48.248185020971924
-35.81243675792069
48.95772612510642
-18.038960856058594
37.86964012998803
9.308567217397588
-13.451155108969225
35.69709731151838
-22.277042072229236
-30.1019403934794
5.229808488055312
15.073198546750632
-46.61788414254312
12.175771870926141
-3.9101826979191827
-28.157736962330603
32.63400883130717
-32.76096603502347
27.70405982763819
22.58454164107802
36.191230154645964
-37.79879973737337
-1.155213555776605
42.43423061982328
-12.131298827491243
-40.35680129728151
45.560291796379715
49.32284386884788
-8.079732333552478
-21.596351177719665
15.613145427424627
0.641812988578927
7.606686688106812
36.018257648413126
38.210438599774534
43.074422508180916
20.070323505628934
48.52929980539483
-14.974835597978334
-46.68012310792907
38.72077195351763
46.92116851395592
39.699276246576105
-17.470069607503206
-10.410457050574628
21.098150556729905
-32.66457098191595
-29.498845586090795
6.490830964297444
-17.894312455706654
2.9257081972244734
27.013617515032834
-32.67066183123654
41.20659440217297
-41.7678500954932
-12.820657891163457
-33.47503057019928
40.458847017707626
-19.674759469694393
35.261652020269736
-37.721816031014114
33.601681061123145
-18.197062583271585
-42.85093471224337
-11.72137882472741
8.341946574110551
2.6542522380701854
25.515146100465103
-26.53636785362058
-38.45723634199311
-43.20226835807305
43.66834794119096
-29.437872218967076
-12.648258950682589
-37.48329611252771
-25.806512015459624
-45.58683791440472
14.966119084670979
-44.67055757749018
-43.29075593608641
14.427513892479737
37.517399087324605
34.273899943510685
-24.58635732614267
32.06448708569671
6.468157150134282
-1.8470039077266307
-28.43780140080948
3.8249981536982673
26.94888019083318
-13.02206765488615
8.621014416491121
43.01596309718725
-21.37712544015623
-44.336667489823355
-11.440189098292329
-30.580069408280362
3.952361851512606
-28.030559253081
-13.402496972844467
-24.99230075881327
-48.85084499518679
48.753066222440964
18.685603955343282
35.96074483298959
32.62832195193771
-8.219719490658619
-18.88761048730323
26.52400263700541
-38.55645318412631
-31.329646897254328
4.833425306210984
-21.41142946945064
-42.03207925332022
-18.018225171522573
48.481667464092396
22.4078008677088
-23.005847008972736
-39.98234977580084
13.48310902416128
38.47909363843114
-8.536705679992487
-37.38086759751691
2.3014415187684207
48.377645552659345
-16.808769966595648
36.03196619221045
-43.44196864130967
-26.792641659455896
33.24738371111134
40.872676478590776
5.62102649050653
-7.662081250056318
-24.949833084339502
20.287220401540722
28.230155874831127
42.2260632528247
-28.22104890761643
-28.413499794981355
-20.178624823722803
5.37288961609719
6.362417511513826
33.9593538952016
-33.56176424729529
-47.15198484145342
27.08835578266212
7.305194876993781
-47.53555912987787
20.315236340511944
-25.20993846445113
-27.20518896646219
-26.115236179100066
17.123363676079776
28.599770538234523
-5.540769016585642
-8.620877290010277
-9.22036168636938
46.41956062646544
42.92301155436104
-41.722698500485144
-4.997762349315096
43.54543400030964
-2.6603263388990115
-2.750596387062899
38.55210346520221
48.29040771169839
49.65344489845974
-23.42015795692075
24.173392513528725
-3.0124376277165155
-43.49717636096679
-48.02969268208128
22.22561412501841
-17.58577637740033
-41.60199883405467
-6.960227050976144
-38.03046962229936
49.46354973311898
13.245398969354142
45.03731185872326
-35.02725036311581
39.79997004084419
-28.140812285905348
-14.243873550471108
-10.270131413196694
23.270103156966087
-43.20908655240966
25.23482884994364
4.34589217504098
18.000890114721713
-7.375183295115015
-38.44528799031852
-44.98936288765152
-6.598104893315693
-24.172138196536388
49.88937622278672
-48.00435953381651
-29.301196642333338
-34.69016876066693
-36.06426444178611
-47.96592022952647
-15.839599121922241
21.040326586548275
28.953085831104445
-23.801931586330973
42.84137436332682
17.38586358247298
-16.140413454454695
-34.2333849327067
37.4485132482595
10.271659296460221
-13.816856982927547
45.081446621537665
-30.152009854838546
42.83917597974887
8.136353596973308
30.016772621596516
43.766584968620094
32.96181268387038
-15.317187777115308
-6.55695928185753
44.39986637992784
-2.2024201961683545
-34.81524492885566
-25.056472553411602
-48.07450054854441
35.4990177502217
-10.930347556586973
1.0466454552012365
-20.670001263404558
2.26698129746147
-47.0739539632926
-35.634345255088746
-1.5075819444441834
-5.873639234240855
-38.46345096094831
-4.708578456588711
20.128604156962325
-32.881824271642735
-41.42140382708118
48.2627505954448
22.98481549567913
7.043935207299889
14.071212642353743
16.142739648980466
-14.420341416241364
-9.53549977616597
5.118690421347637
-19.141484890914427
-40.171568335353335
-37.652836576569555
-35.90027526097856
6.2155724351835175
40.044163336524534
-7.429006821798964
-15.826750870376337
-20.323069233979616
23.09475362815664
-36.558054207777246
-34.18019326611036
13.90111746661372
25.905772708079454
-16.56433918517269
-39.889966329519325
25.96199137127978
25.033688118548284
18.5772075922398
14.489383886825792
