400
43.45690359362206
36.460071035921914
74.35388481792074
55.947513913406226
-89.80272840647152
49.404955530723385
92.13936023026523
74.87791727627246
81.62732349277059
-87.60986208946935
-59.03806221896515
86.90795102880938
1.6743878971980308
70.26215565643463
48.45692499032532
-22.177962915356602
-88.71439459767481
-59.13111967467992
-9.573212163252421
-42.13866158691049
-77.98770212197434
4.973920793866782
0.21551626883177732
31.899124349910835
-79.19890836379582
62.03500984985291
-94.381586081128
51.559800266313005
-45.24730320581944
-0.12504566575873355
-10.548392471626684
-79.54523818251111
72.14842688200068
-82.12474892552532
-11.930396007827923
30.934694980777095
-45.166421460872286
16.174095052437366
91.53324498852646
99.23454946170412
67.08583895726133
-82.54799387799363
-10.205430103365359
35.61398299966791
67.38594855139215
23.239884747277273
-78.82093071441932
-62.92739235619847
82.0469002992237
-76.71411969402955
-77.39006656388594
-77.55405632034218
-76.55290829347751
-25.630967605632478
55.432904908030224
-56.83543319400079
50.65180115258431
-55.95083928471387
86.36447249005462
97.68548958583526
16.496515935321682
75.1940547185927
-59.999836492079915
-46.418698556789465
-77.25539872116545
68.72664721434884
7.483754411616999
-61.500648765724186
13.720985120230893
-95.11369768715798
95.35230793319036
-0.3204285283206332
-21.13747159536139
-72.60001126680945
29.23599035661718
51.44631365542293
5.914736681960292
0.3106795222713572
89.00565139331255
31.06596731694586
-70.9562678817372
13.811800656998315
-54.87468321724096
65.5888448488123
-50.07875474581136
-36.71176407175771
-9.61931951116685
-84.22974521483665
-25.120392374870093
54.86582794839646
-83.18120843003128
-92.10770398780845
7.522718755508677
1.122962983215217
74.64826145373712
-9.715497370861215
63.71801909535333
62.21939255886667
-31.98671433066184
-41.432038538493885
-65.31639071971426
60.54894233829958
-8.031151694210806
82.12413804694893
13.92366367419504
-48.87562960879783
-4.351375213288591
-65.98377866183034
-74.94561378763211
-34.745783332359
68.53104480318456
-22.432745090023502
40.10179710982521
61.67296766180846
89.87312475551803
-4.973940509561729
-38.35823691376887
17.13753400169668
55.795711918356915
-42.771636828414714
57.191587401302115
-32.39549532815609
4.167837851984203
27.887154293333353
-19.448229859237884
-28.545751543271834
94.35192653367591
72.12291170385978
-7.664621484089821
7.829514088915829
67.03574758464123
96.07081840265451
0.7117344501591987
-53.992339007102565
-91.2090482225569
82.87871787933173
-16.569975219468986
25.827357277976674
76.66213831417917
-89.86394475701482
23.477575968431694
74.54198027028255
-99.99543506194595
34.75067935848588
-6.733334086963879
52.07363747092984
-30.047582531299938
13.516935209542652
-43.96740686931289
-35.50676061073624
51.313955528799795
91.09492375171013
18.16509584779537
-85.34637029513279
-92.64638179946519
31.84760259714244
62.483974984332434
69.25432921308663
14.835406820840078
97.9586866798632
-79.99098067463186
13.218013769028317
64.86586472002656
-16.518897174916418
96.56336101487531
-64.88953531245718
-5.510932705861819
2.4421707596724787
-39.41157758383933
-58.56285947878401
74.65000878093525
98.85831265901871
-80.16236651461367
-66.99867914850186
92.05702979423722
97.48862388407122
-32.844647561766834
93.110071620159
-94.36229087794727
46.38323303407287
59.33619639908409
-64.73394786480424
32.6969965324617
-84.24110918619596
-91.9006859324698
37.08465730722702
25.550214493747973
-87.53913689471777
-91.49895637672356
47.52749571505731
36.31772536568283
45.24667794052576
-92.35148697427522
96.14492357642692
-64.26792113933581
-66.64607741980333
-74.63419975133756
-44.12824088913523
51.22256380543695
-10.709198371000099
-21.496704295018375
15.021951409699668
20.206070899402917
26.51469609401407
31.87004717280965
99.47950918532331
16.42731536636795
43.64066446897027
1.3078834944946038
52.68458051120689
-99.64448020653708
19.04818174547185
68.21510851146175
-71.13488048147956
69.058629964842
13.231186630944535
-70.13318277667045
84.06611872751074
-63.35963608538358
-79.03711837114406
6.167649079394977
-40.11998433097692
63.23925089455602
41.32346794890168
51.012226875704954
-53.61663872486972
-31.246874978518562
40.865400089076104
75.21720939041398
-16.363560630878297
16.86630561964013
73.6674243154394
-21.971745923609646
-84.79586774518464
35.62109393598243
-8.244822895645257
5.494059690876213
42.507811723538026
-47.31107328152411
-69.65733939867134
-93.46116660056147
45.41960936065493
66.66093691741241
84.57555381591635
41.353507926915995
32.3620788817621
50.09141853093669
7.9337834518557315
-88.23486235381097
-37.72232146396899
-14.307995775559164
57.17740969237411
29.532993985925685
41.18418002020073
73.988266273085
84.69645342482241
-83.94114112691102
-62.36639518349103
-81.08541564254901
-63.648293071000325
-64.21183379277409
-15.756075753245185
97.23719572145214
-48.629568023351474
5.617646706545813
-63.425800943549234
48.359339277951676
80.58705490970249
-6.085776671349819
-54.034451115657745
-17.02344808127083
40.295811002738645
25.288927879421692
-30.428216829281922
-97.785816531044
-98.7912966524054
-58.941238922656545
88.65515782913315
-56.70675476387031
75.48874749378263
30.36833464906934
-64.67578445536037
-76.56513849541788
9.55506948138671
43.23237229882915
38.24234671268451
-59.372489107488576
16.33289846473211
24.299027126279356
-10.562850396493474
8.04546464102684
-12.151844210572833
64.92322940183143
-92.80775812405248
-51.679259303669944
17.54284146522005
61.17812972445867
-75.89510998721782
-45.46487529411054
31.414021713158462
-13.27803791209952
-35.25584889414219
-63.287368379603734
-21.94428691893198
41.976571228758274
93.94598224738814
15.757177952060815
-40.0903475592425
-75.13699003050478
14.633194703513382
-98.80610939600025
-98.49267161609316
-16.62145279564639
73.14985380765222
-5.26301500090878
-54.78760430668454
-43.41127718756353
-9.548958181039708
98.62076552434536
-59.05099669225766
-11.85318175232581
79.09076351968602
-24.205266199077386
-46.371760471134785
5.242493804629248
-71.19792259177629
-91.50236571871575
50.461377182162494
-4.079792658951192
47.56525053790824
32.38938345069241
-49.92477719398192
-11.002868468258171
-69.58876051345437
-14.666073592366118
16.3214290888116
43.34942785817674
94.80938568108056
-96.909904866996
-38.10186043619088
87.12470390767612
-30.66025674501023
18.581592757792293
90.3789867609436
12.477550346594853
-48.54794006706034
77.08133634657747
-50.029092064333454
27.71421024224496
60.46498392843955
66.55939917705646
98.29895894558359
96.2713573537242
3.560563564960688
-19.39208618940731
84.74271866050549
-49.25682090667571
-54.61915770726995
80.77028801655669
-54.67448008734826
60.209827367440795
25.93467134082576
5.766229956114273
74.8843293385128
50.40957937833386
-93.1253434932666
87.01805508401031
92.22454408580413
28.835968825548264
-57.19444866487393
-26.952066520707547
46.19069549054504
50.630194546379045
-27.862914332744722
-60.270406654212124
24.060485206673746
-23.821666818052762
1.0956845136652191
69.04231995249015
-81.60381911093083
17.61176830975286
14.861165905464134
15.888943519913369
-15.53599156192061
-51.05163013064882
-8.603930605475597
-49.296378322408806
77.5586440178121
63.40115071228516
-83.61326166088847
64.9894252272343
98.04657130800177
-98.5800880867915
1.8169779134116482
-42.410482554333214
-8.331417966712664
-55.67927229873606
-3.953436939689567
81.41009331073181
53.61823060745547
35.44852594711375
19.93424083907972
11.738538691588396
33.5698421098311
4.09763902189858
-14.564823191287026
-42.18863852262604
-14.56753239047498
36.33832988063098
-46.236487416647265
-35.61880867410025
46.91845313733778
-2.8616648027788543
-22.59853726428013
-4.682180875220723
-38.429236572464006
-28.294132431636022
-17.677868218347584
-7.474928019728253
38.14923180583479
19.886262491731202
28.79640381214206
-29.959688947129848
19.518361046462957
5.890972727044996
32.92723057940914
46.66970705798589
49.403938683593395
48.4425511154039
-3.2462601964660323
17.174553712408752
-22.31684147086176
-37.311257772470896
3.0683332598540503
-16.394078875585357
-39.013808308827166
7.133380901125975
-19.984234564186632
-44.40802871753257
22.12543289599374
6.351309388656112
30.093949628412943
-18.78572572418664
29.23196586238042
-6.6009465543576695
48.351993364852774
-11.433492027669658
43.46702713984499
4.602530815370855
25.38183221820185
2.1709911144267764
-37.21047064649245
-36.20240424206902
42.12550945352608
48.135438180736685
-41.50094694165259
13.118757980522467
15.570988655134087
-22.735527843807667
-38.863098082923315
-16.924038997553524
47.08517893620994
16.297359402327587
2.8161724647668294
45.92878018567332
-41.56642185341936
4.025532514031923
-35.834977733355984
-36.73798849350867
-25.538213572653646
-18.749533283046805
5.805640409641299
21.186094454118745
25.964848252144463
-18.625507789372808
-13.345318508370873
44.73035781479416
1.4462690991241516
11.87422446130281
-15.68080541934036
-3.2333819512872495
-27.730809018399317
25.988219005244176
36.475403733309605
-3.8047975472908746
-47.871846447965915
-41.342416162595754
16.355933535140764
35.14494775869453
28.82048555443444
41.09028161611529
40.334361828332376
35.58332402093441
23.972316215278084
14.27684492112013
-18.915688109135097
-37.99767588357943
-5.32518195810129
33.36732837904749
25.903474113151077
-1.2597055961902512
-10.087793141948467
-7.973687429754804
-23.468630947391834
8.0194113937196
14.213725109456718
-1.2852081457059157
34.1527946826571
7.923083340542348
31.137642382692363
5.3048588514356325
-48.73268412515828
48.30700012976895
-40.00390992150782
22.515081361016712
-39.281666389341154
17.03217368880152
-19.34467983352962
-43.638481611225444
11.413611484166175
-21.072205550783995
-36.703214373970425
-34.84863381345078
-49.86758131958129
35.53627830009644
-17.299850072627997
-32.49676851162124
-10.697346083115889
-5.037623233660149
-40.089770660691016
28.460074941944995
-8.255261141807225
-41.95716675461661
-1.9244637556813515
12.967893479347623
-14.882807791634193
-40.42751096282288
43.79694420878339
23.825248828748272
-8.837815216727009
-48.53263498416055
10.500760626063723
34.66578414726584
17.837626057920303
-21.485249277444694
46.15126419935085
-12.382139867632205
16.035601920560723
-23.245167323498983
14.043551300780905
49.992555817128576
46.82526866833007
19.557954859131712
-17.531685018649398
14.683224021238743
40.021609647132664
47.10614318054235
-13.284017084933566
-15.083136352344631
-49.630276762457434
41.25703185400097
35.188371963174376
5.579636573834904
33.74758478249245
49.6628760018412
-19.688149806277742
-9.45421683375114
-27.47147902769146
20.536849967117305
-35.5032452357138
48.2713618973105
-23.39206026283075
-17.396594392148067
-18.43640558089229
26.37113660452559
-25.41292352111325
-6.461067588660185
-35.142652395484674
-20.020924817198182
-11.78015629175323
-15.39646979893503
24.696958818923477
18.3998559273396
-47.53282677934387
49.18426226952127
9.857899533008727
-0.10908340133567407
3.366458236896861
-41.385290430603696
-39.53854008314629
25.37149740970358
6.412031172464985
39.90526186397085
-47.054793361305016
28.437260631501488
39.25588845562372
16.913067412443468
11.714817407317632
-28.733957639949192
-25.723871616635265
-0.9999112795525917
-23.371682500340906
33.83232671899647
28.923896753376937
-0.6277248599452747
-29.36053239328248
27.30510852999734
-35.252136404713326
-20.937630220257695
7.727890090311881
-28.41423217810034
19.60856603013592
41.913416630793876
17.669276965402247
-48.350305856939194
-48.16676613551651
-49.06048474604982
41.24979446509606
7.687350113195926
-40.075005713146815
-2.9149887035502786
-32.79540813139576
19.997570886856593
16.928597196958535
27.672697272642168
40.46112892568955
21.16785223616624
24.668171214513748
33.726258432327924
-29.80626400483748
5.2834798387241335
49.81068296883387
2.8716533424910793
5.746737284925615
6.739321896283336
-48.92784049360852
-32.3333279961642
28.659087736999453
-10.31478834842445
44.87196410130532
17.977446704220867
29.824392699216375
23.21778024069482
-14.646315381397812
0.41522770868412096
2.245879495544422
17.138736145790162
-46.07048274670908
-2.1337390910145047
-18.103287414100734
-41.56845617226956
-36.63171672981793
-32.20788229553122
11.871795478717253
19.565494671443616
-18.064514253521068
19.24740614659089
-11.681996375094208
6.318259855592956
-25.792869945989217
25.456265388337002
-29.44443579609667
-24.985051883936528
36.917282661752665
1.3086288037683858
2.354096145765574
-23.086215035407765
-19.437354488849966
23.28172467576492
-3.4974141773117964
-19.074430826936183
-29.524332551850176
33.06186527706842
-19.386657687570786
-15.063967660653567
-5.308945041193134
45.53606624626137
-11.474186430416822
-49.292658801329395
-29.831216435556428
-23.157436443920677
8.726861993839016
-12.33307586916763
33.799970877112045
18.813904260289206
-31.120080235244597
-33.151072314425875
-9.889664056955205
12.415681564043602
43.85619806674376
-32.164447681974735
3.6891569690520427
14.67866974050898
23.586948536658213
48.75262012966189
31.109981640209455
11.141511848608467
-33.393516334861715
-17.794299324770925
-15.527397421900815
-1.0342434455116276
-4.668464386534666
18.50019777068806
6.684095325915251
-45.345550194578266
-40.07676083560126
21.570815318618543
17.210000757827487
4.7001752492463424
9.003835509385894
-27.247181840896495
-43.73498647522804
37.507802128187635
-42.44903078522275
-47.140398914990044
15.275798166135928
30.58183843960127
34.96827147249239
-6.01193914596827
-8.063102345354281
18.237815997828648
29.631608321927587
39.055303649233636
49.2938914519151
-8.008417546688293
20.13625969600966
-40.72273071835319
-9.97367501023161
8.300004097684358
-1.978978203029449
-42.368129720655475
-20.53384902723416
-23.528924987989143
41.92099410243266
29.806285491790476
-36.12425016981382
13.330909459548202
-1.0983648393136463
-36.789942668317806
34.12284874678039
-19.370264742392564
-34.8475649932177
29.342720606910206
-20.87205376050717
-33.81156187340435
35.26931761301461
-34.86335316236341
-41.67685758026993
30.431765984263848
7.030660238999076
44.85289667934876
-2.1504484640980195
16.22388799178539
-13.127311235061434
15.68987232162722
-18.666269851369176
11.816434071379042
40.19562293906182
7.471552832177089
-37.178123712158005
-35.761222789129235
-29.81708908600079
29.614210986745576
-23.18618895330411
-36.39524961330667
-11.00847845651117
37.027470026052455
-41.67296333080696
-42.42037188424821
-34.02785276361311
-19.312382179347264
14.534456404891657
9.645627785471703
-0.9961209240686912
-41.67186808579028
8.757605472730155
-15.176196678218048
-42.921225746111936
46.024381854981684
27.46054794178974
32.15467816063787
-15.052579713599236
22.4065351498743
1.377856263343368
34.509532818425015
43.93748797044158
-6.183313163641202
43.02337265071239
13.198760697428234
-13.017057155437897
-9.066708804879184
44.56475152105719
7.363266734837104
30.452444935704264
35.218018544333134
-47.587971739310284
-3.720597200639375
-9.458766866326528
-33.002872219940514
-2.1432127466184028
